label_id	epithelial	neuron	midgut	muscle	secretory	ciliary	dark_neurosecretory
3.0	0.31014620750080435	0.00840907867838242	0.11225413275554305	0.013128230942871858	0.4689519338009723	0.059217225007174315	0.02789319131425179
4.0	0.753649161607711	0.17689467744189927	0.0025754198116942992	0.0030559806807349504	0.042297277100390246	0.0005811789798180967	0.02094630437775192
6.0	0.9006864442577315	0.01946674463158963	0.023910478919506387	0.05346745734446732	0.00035612053113748114	0.0003472601219983366	0.001765494193569394
8.0	0.9319920641194185	0.003397326664193143	0.006052197403992579	0.05769192042356736	0.00025678509409851196	0.00020169333876571296	0.0004080129559643577
9.0	0.7749997599102659	0.07648307024132067	0.00533036009408666	0.13727964119182554	0.0025636785153963196	0.00030060646758953374	0.003042883579515431
11.0	0.04926359548010341	0.9097445809112321	0.00018594746122778806	0.015185753737621892	0.015339048291621627	0.00026532895712229104	0.01001574516107077
14.0	0.5622437902152949	0.4298907293715913	0.0008719378101764514	0.0027748702629121756	0.0016474000095332115	9.321060166123643e-05	0.002478061728830666
15.0	0.6883395517233478	0.24330947221950977	0.021714905462914675	0.03175695659128278	0.010540034590956924	0.00042835987349111506	0.0039107195384968626
16.0	0.282418475682366	0.4258963359124874	0.003601880977682008	0.2126772390438229	0.06541920105866907	0.00019979482783097897	0.00978707249714173
19.0	0.8274919607696168	0.12143197813256147	0.002737629025341725	0.026020224147674232	0.018884956909203474	0.000455251750008672	0.0029779992655936762
24.0	0.06841358093906637	0.004855847444183426	0.6972937402293414	0.15973748224905038	0.010084416258646253	0.04592089765139359	0.013694035228318524
31.0	0.2937660135572019	0.029118899748382755	0.5872080396842271	0.06201117968036334	0.009244463175073716	0.016465400509232026	0.0021860036455191192
36.0	0.0629119881960438	0.005227607016572142	0.033936797485331086	0.013766020958015495	0.05551801189011101	0.8237270130136362	0.004912561440290329
37.0	0.6119935247815311	0.007295151070224845	0.05596922594621461	0.10544374287628559	0.15731217660067	0.05897352694123097	0.00301265178384308
40.0	0.2981640826604864	0.3883643034038049	0.008012268701037117	0.29891851972732253	0.0024546742361431536	0.0011667456541276616	0.002919405617078189
41.0	0.15419284148959272	0.81448279442165	0.007012858315166681	0.012161656659162847	0.006534843439386518	0.00025490310602643455	0.005360102569014954
42.0	0.3270897420306486	0.006314607900544973	0.642556618998513	0.00819801358487968	0.0031865098887785236	0.011794068084195718	0.0008604395124393908
46.0	0.36152335374986816	0.02780100831240437	0.0016918360103543382	0.20447176812152154	0.2672718996342797	0.13234919086847705	0.004890943303094771
47.0	0.7940749922792067	0.09412540139134318	0.019127186421560062	0.08543353704372385	0.0016348371083995661	0.003566267809828551	0.002037777945938055
48.0	0.4675002019270495	0.36200781283779115	0.047361960859223166	0.11286706192963467	0.006906793348265507	0.0008199847730151372	0.0025361843250209844
50.0	0.3724758109366487	0.0411530514052254	0.1894146398133643	0.17965501271850534	0.06470570915367553	0.143574359448116	0.009021416524464747
53.0	0.19420462869742702	0.6022215726091925	0.010803295839224061	0.04846791705279204	0.12958815962786513	0.0010534909009810311	0.013660935272518234
54.0	0.9257283190439659	0.022609952891338794	0.008236920103581742	0.03469621286852888	0.005922571836465749	0.0008642768413310945	0.0019417464147878072
55.0	0.7248060220959878	0.08186743689873999	0.15402944356572687	0.03322546990095049	0.0031054094289506605	0.0013064299474627656	0.0016597881621815017
56.0	0.08245711756475899	0.26384216818532996	0.0007995221518490634	0.013295815881124487	0.6282164479359015	0.00017875365616986828	0.011210174624866086
57.0	0.28280807576170613	0.4862289252721475	0.04632668067818631	0.06636607897508408	0.10753679098443877	0.004528840735859141	0.006204607592578024
58.0	0.12542925815355493	0.0023508903776466175	0.000794942717621599	0.005616506221351512	0.8637235827239211	0.0002820129074391437	0.0018028068984650642
59.0	0.16377842786549254	0.001679171913898853	0.7779584495083334	0.04506361978488347	0.0030992111404514865	0.0067130063006694924	0.0017081134862708355
63.0	0.6049315921118255	0.16130890177091814	0.06866132428834275	0.0218933135666147	0.13643278388641583	0.0035264418916697397	0.0032456424842133504
65.0	0.7998760501273614	0.16645309410434914	0.004278885641778397	0.004301228994574142	0.02039358643649086	0.002344835219258863	0.0023523194761871603
68.0	0.7664022577652918	0.05178112261660821	0.008158454274174125	0.054155993399893416	0.11415171573410575	0.00022817297150921453	0.005122283238417418
69.0	0.009652259808716118	0.03742268340260366	0.016680942079100012	0.00836299844641812	0.787129944584804	0.12960793848769567	0.011143233190662292
77.0	0.05056011704607149	0.014813475993291891	0.001384380678660523	0.09013656778213534	0.5204141808038474	0.2814036370265226	0.04128764066947091
78.0	0.8068757666624518	0.0021074788035689075	0.03731806348346069	0.1285727212970353	0.007453727902757814	0.017155751326940204	0.0005164905237856071
80.0	0.004600280367534172	0.00591941146634859	0.006515578750105538	0.9823506772201303	0.0004880890006059651	3.859670759007992e-05	8.736648768532004e-05
83.0	0.0046510785825756365	0.9899714051954605	0.0005172037654001126	0.0028333594585513945	0.0009779430182264583	1.725825070872996e-05	0.0010317517290772545
84.0	0.5192038666318238	0.4238405840375565	0.003158878757572404	0.011436763564473972	0.014319826405922735	0.00017422262986702692	0.02786585797278365
85.0	0.09383259676836066	0.8872566477862113	0.0035554820522895173	0.010254022487587335	0.0020479825532836054	8.67567871641983e-05	0.0029665115651033346
87.0	0.9970172849280758	0.00041642528984820707	0.0004554187705462765	0.00017084916089189946	0.0018857678769706148	5.73802767551333e-06	4.851594599189223e-05
144.0	0.0843643854349626	0.6672465191663124	0.001595798388864	0.004024021813586973	0.23297071217889204	5.1490133412562244e-05	0.00974707288396946
145.0	0.0006153996630597295	0.9989491354952653	5.279288722483884e-06	3.389303160588264e-05	0.00011394895336294806	4.853839089710446e-06	0.00027748972889392966
149.0	0.8144390698935345	0.0665700795988367	0.005190908039462396	0.1058109466834426	0.005356361744589212	0.0010839790181296728	0.0015486550220050023
150.0	0.8524819069537078	0.005408647252089062	0.0646275736504156	0.016665042929020414	0.010672411802197496	0.04700324590598918	0.0031411715065803258
153.0	0.46284689566980974	0.2510597278543612	0.0030046860717143535	0.11011079797618561	0.006701234144457131	0.002993552914709178	0.16328310536876267
154.0	0.009680944821291254	0.2354758907342236	1.341020016821733e-05	0.4551077927341971	0.004816621195429134	7.284944382583889e-06	0.2948980553703081
157.0	0.123679250085347	0.8612140374587643	2.87265151274655e-05	0.0017723191426541427	0.01150798709796051	9.383025799577641e-05	0.0017038494421509054
158.0	0.31235866691799996	0.040424456056987836	0.5880662624556032	0.00949990591600921	0.043784794828692596	0.0025509525568056463	0.003314961267901468
160.0	0.9045181523660518	0.008681376716465393	0.013258645229218964	0.021369769758938548	0.04674681201408149	0.0022249501203368744	0.0032002937949066885
163.0	0.9010383447989412	0.012161487691750487	0.02444780796313042	0.04813702427974855	0.012263832178192234	0.0010376897685622534	0.0009138133196748891
166.0	0.01642453226106047	0.8568501714074997	0.0016403935337202312	0.004705270817878827	0.11503851194467958	0.00015815615528657893	0.00518296387987468
168.0	0.36162007610775243	0.42241380680407187	0.002956502359220285	0.0026197677501949342	0.20371387362541815	0.0009791723865582628	0.005696800966784146
169.0	0.7423026965606283	0.19944316668492432	0.0004974681690643273	0.006928428620939529	0.046881783921303606	0.0007138545154138571	0.0032326015277260485
171.0	0.4932363412710138	0.4159999127454963	0.0011094022270125951	0.06261671385244919	0.01929011506683281	0.0003769122130310688	0.007370602624164087
173.0	0.021519884351330065	0.8253013565277332	0.00012591745129670052	0.0104381047292684	0.12923366729012692	3.824741264038298e-05	0.01334282223760438
174.0	0.9582857770666028	0.021291603965536723	0.0017773227022931935	0.0028946753073595937	0.014659678633986378	0.0002489666909660844	0.0008419756332554494
177.0	0.9079642218901881	0.04005021024332514	0.0017789865440934387	0.01848921011567011	0.01868348695829175	0.011480426011658766	0.0015534582367727097
178.0	0.6956747819785964	0.028426963434983882	0.008516602229988004	0.26497347405473604	0.0006917300953636638	0.000713664402569448	0.0010027838037625833
180.0	0.9682890149358248	0.0073378603434680655	0.000843513524091617	0.010950717627538747	0.010622439232970146	0.0009707641831880996	0.0009856901529185036
182.0	0.013491245091263239	0.9559302900803665	0.0007727993525564705	0.004657712538985787	0.011469376801071289	2.014789151405751e-05	0.013658428244242588
183.0	0.41137121969266044	0.5282188601809594	0.019675107441808646	0.0321539843132801	0.0019598182017789186	0.00010402371484092508	0.006516986454671665
185.0	0.865838577929977	0.12577546439545922	0.002277416102395782	0.0011259340525410944	0.0026013786410727458	8.774728049479888e-05	0.0022934815980593737
186.0	0.8368167571910525	0.14603103740458911	0.0011042640966207058	0.010042187756080654	0.004141687609981688	0.0002869685219058599	0.0015770974197693113
187.0	0.4169533741960665	0.4941695118968424	0.03848863017721552	0.022575481085232347	0.02044515536923338	0.00015244859550499602	0.007215398679904677
189.0	0.3120798024605186	0.03246563267782731	0.23162587907283538	0.05300732019422405	0.1126603951240021	0.25231431202083854	0.005846658449754153
190.0	0.055677010223823174	0.0013510238538490178	0.004440081720039661	0.0026428921810943908	0.0286851033373647	0.0007186459012253408	0.9064852427826038
194.0	0.9013295240327351	0.007821514632687014	0.0004008442823940211	0.01318145768257416	0.05615602554619018	0.01658888073208153	0.004521753091337899
196.0	0.5129229794881617	0.0267013839382468	0.20500853778066522	0.09893293957580719	0.04994137472063299	0.08816267290748038	0.018330111589005688
200.0	6.807754808187466e-06	0.0008542624139465782	6.091038354375967e-06	3.021404658643825e-05	1.9564417724038034e-06	1.3390772533364958e-07	0.9991005343968068
202.0	0.00012162207637315136	0.9988165936588989	7.830895758292919e-07	0.0003398316641602131	0.0005244983543744677	1.2986520600943285e-06	0.00019537250455743267
204.0	0.9098226646031998	0.0792223625321059	0.0007986579247543977	0.0009565878149909838	0.007641100170005654	0.00019603015649577172	0.0013625967984474572
205.0	0.9603683487417611	0.027288330219229707	0.0004337692653870553	0.006193042706881958	0.0053700291337557575	0.00011216091483410319	0.0002343190181502087
207.0	0.10580280334764039	0.05377300847476703	0.7761324197231586	0.03830175031367796	0.020651890927109947	0.0031046236192704794	0.0022335035943755275
208.0	0.05623259139241907	0.7307974225316015	0.05042215510728731	0.1334572124125403	0.017596233880588272	0.0010987444061230853	0.010395640269440558
214.0	0.41695894567973446	0.17257056784433558	0.0019938090828558828	0.34084107828057164	2.107764252553974e-05	0.00032905275821849584	0.06728546871175825
216.0	0.9828748043862812	0.005481585239954944	6.279687553787236e-05	2.2020925906138093e-05	0.010599194689919213	0.0003406818912241903	0.0006189159911766522
218.0	0.7139343782522866	0.056617694603501745	0.010457868901608993	0.05786941068188316	0.14620986211510675	0.0021571331684851407	0.012753652277127577
221.0	0.00022849860305570156	0.9701054637297187	0.00010446245951596973	0.004518671297270532	0.0005940166630843183	8.38394504102291e-06	0.02444050330231376
222.0	0.9369078575143888	0.02633767727988742	0.0024523449889453917	0.004509782242721166	0.01861323693443608	0.008171346546148239	0.0030077544934731986
223.0	0.7435688103703367	0.07903595777981903	0.007271072462590468	0.07593129585226172	0.06211694414355569	0.01170174635870511	0.020374173032731226
225.0	0.2413941899929619	0.5097765275039582	0.1636649993448988	0.027983245483871984	0.046211527582713616	0.0005710589062179999	0.010398451185377534
226.0	0.19199312400156524	0.6382388667029686	0.0008995115142430167	0.13978973377767295	0.021037826022196515	0.00023595217805814786	0.007804985803295678
227.0	0.6426815866594244	0.277386882779523	0.0028594994624985826	0.012722776448023212	0.055442001768840884	0.0003203346730593557	0.008586918208630619
229.0	0.8161058305462506	0.01818191747603749	0.001426376238804461	0.00047911903571797216	0.16185548259171276	0.0003591843833495777	0.0015920897281269924
230.0	0.24026819096828766	0.18460957130861616	0.0108747462193248	0.2807928920723976	0.27199945377815077	0.0006147784852232453	0.010840367167999857
231.0	0.0021531182907790877	0.8716215278558822	0.0001226553517578004	0.0027620772209046495	0.11509548749553164	3.0252973747829403e-05	0.008214880811396819
232.0	0.10392750754255384	0.2292951868149426	0.0012997906950819981	0.008086038650671848	0.6514234428828474	0.0001393687780704644	0.005828664635831881
233.0	0.24168483279953337	0.16293195125179916	0.0030759360149486235	0.09208026576696005	0.4862095741324399	0.0004189589475056652	0.013598481086813358
234.0	0.8568565847518808	0.049256116865341516	0.0004337376940486169	0.005951345141829808	0.08448128743453934	9.908385090672546e-05	0.0029218442614534026
235.0	0.7848795638586683	0.00508964813110647	0.048147415299117986	0.017766840675336393	0.04807002695529175	0.09292211784329878	0.0031243872371800973
238.0	0.6702633736982633	0.0668622113898402	0.1854998371809779	0.004966049328315977	0.036276800387146375	0.032361239682831555	0.003770488332624775
240.0	0.9044418390496204	0.022344485648359027	0.007430233822861815	0.04128040417506034	0.019576873669711635	0.003186506816418897	0.0017396568179679746
242.0	0.8036418046025675	0.01590870801513441	0.03653072982818119	0.041014781268035934	0.08508662328828442	0.011524510685292252	0.006292842312504389
243.0	0.04202742814472924	0.9266773134520582	2.7178420507552485e-05	0.016896583488107242	0.007914902094409058	9.951999458790287e-05	0.006357074405600777
246.0	0.7111221386115496	0.15036115345523576	0.08227133468295747	0.0008870288807698356	0.03817112794009175	0.006187973087655199	0.010999243341740393
248.0	0.5032518222665645	0.33122685990586104	0.07888564628061577	0.05192406890963313	0.029478235735805176	0.0008925837369231195	0.004340783164597243
249.0	0.7295961695262194	0.23984323588358455	0.004275056343233725	0.022506754247618086	0.0015462265229638623	0.0004669707973050878	0.0017655866790750763
251.0	0.9151693103547797	0.002503426600854944	0.031833814638723985	0.04500989760236793	0.003024000329197725	0.0012131587020498293	0.0012463917720256647
253.0	0.9605895674226693	0.016867966451724874	0.006327974252025306	0.008502929975528513	0.004542293221287637	0.001691210805215236	0.0014780578715486398
255.0	0.6395288091497833	0.22788326586122154	0.006425864354846788	0.06921119812589245	0.052232345305353665	0.0002366408053804577	0.004481876397521899
256.0	0.15173127899206	0.8039157954359294	0.00021295279412327832	0.03360499281423382	0.005077950107709531	9.380906317652876e-06	0.005447648949626251
257.0	0.6090374989331054	0.0005181574576744941	0.1815096594028078	0.011032439425381442	0.021120952873925694	0.17474990603936216	0.0020313858677429015
258.0	0.9495391689771583	0.012442438719858567	0.002286776999149046	0.016313800087104563	0.015035423259498129	0.001655268170389623	0.002727123786841991
261.0	0.496600971729803	0.3184665693658738	0.13012042326465476	0.033521439170214495	0.017463112993379395	0.0005823672167858081	0.0032451162592887226
267.0	0.0023362394062474185	0.9967992504077527	9.005977428721411e-05	0.0003719332787936894	6.66310110402535e-05	2.8809057802267277e-05	0.00030707706407644196
268.0	0.04978607248686773	0.9324008407095544	0.00011775212339212244	0.007401917899961457	0.0034036022238930043	8.796086319667692e-05	0.006801853693134705
269.0	0.014106527497613807	0.9619852706580685	3.3014884611357023e-06	0.009693867554044642	0.01070014494320986	1.1525887462927052e-05	0.0034993619711387977
270.0	0.004511679019906962	0.8551051703573381	0.001021104377790979	0.016786644274211577	0.07429260536855509	0.00016670441858612276	0.04811609218361116
271.0	0.00968486858178417	0.9191194502513453	0.001272231761345977	0.025256470054517692	0.04130546704502918	3.5121262693684254e-05	0.003326391043283823
272.0	0.8904572685877231	0.051539951057619306	0.0027160238090715807	0.003118631115714672	0.048050224398730565	0.0013989445850620826	0.002718956446078645
276.0	0.31300779499487696	0.5845045126953574	0.018391671103573693	0.008371362717479557	0.07352852731088401	0.00010248771400205631	0.002093643463826284
277.0	0.010160139367541822	0.9481850166902598	1.6893022083864284e-05	0.005234405513141442	0.02161694207892901	4.340079446381147e-05	0.014743202533579886
278.0	0.00914304965123504	0.296427786924745	7.353753247182891e-05	0.0069828742865226095	0.21629183303589727	2.0532455861982863e-05	0.47106038611326634
279.0	0.7457938980239156	0.10393024443630026	0.11363353510960916	0.02511159139806883	0.008644867151537753	0.0005760956329961839	0.0023097682475719866
280.0	0.0019326027288375284	0.9845398985334749	3.2197327739108857e-06	0.0002037547429196291	0.003010869139138585	1.6368769763856823e-05	0.010293286353092004
283.0	0.22974442201840717	0.6064755572361846	0.07810710054129011	0.0016507509271849877	0.07728117884344432	0.002368067409210953	0.004372923024277921
289.0	0.0010501553182458603	0.9979303914984676	6.363039484160764e-05	9.48315690298042e-05	0.0002074531141842328	1.9637318297638753e-05	0.0006339007869331561
290.0	0.00023099906834670537	0.8215903669519057	0.0036422176195600336	0.17173314504479387	0.00013841236033403212	8.329687736229119e-06	0.002656529267323361
291.0	0.004803261643733546	0.9874931449133476	0.0026977606945308326	0.003113823814873963	8.323239580520315e-05	5.257550334841253e-05	0.0017562010343602646
293.0	6.415496277767815e-05	0.9755710758091507	0.0001608972868899554	0.0030160239188444034	0.000268812432806992	5.57855857290545e-07	0.020918477733672763
294.0	0.005055630323346855	0.6659397402718288	0.0001838202571297767	0.10065944702018925	0.011954540576681449	3.3923878653944315e-05	0.2161728976721699
295.0	0.00014547645125280274	0.9967709383385105	9.436353524492e-05	0.0022745178457632743	0.0002712461598747442	9.218317973490436e-06	0.0004342393513800352
296.0	0.1526016769788621	0.012323877131186836	0.006881504849034121	0.8058873895838006	0.006009701865098102	0.0019475595413815743	0.014348290050636795
298.0	0.6673114562227981	0.07170545280127201	0.00836223200640699	0.017660001995123284	0.0779931400203565	0.14891612844187074	0.008051588512172459
300.0	0.18321948536638394	0.7459171725099724	0.0036807317556998872	0.051773225924625854	0.011845481431854871	0.0007070267777878248	0.002856876233675307
309.0	0.0020434680407256955	0.8838524969849484	0.0007016173464881006	0.0691012053971816	0.014343711316124653	8.107104689879047e-06	0.029949393809841504
310.0	0.8685484693434437	0.005096495007709677	0.0012759089046578348	0.12111809588819994	0.0010169822095475506	0.0002008583186648932	0.0027431903277767137
311.0	0.7887892479428456	0.07222087651423953	0.013241425389933347	0.016299779131782068	0.0038566290972092843	0.09653956215827766	0.009052479765712312
313.0	0.08675955693679417	0.055235584671197435	0.01469014630815645	0.8350670811951122	0.002531743232593623	0.00021942171104082702	0.005496465945105221
314.0	0.09036447332598711	0.12234897450587617	0.013885096589418614	0.7636004086562203	0.0071065656391907745	0.00023248212031320027	0.0024619991629940188
317.0	0.9769982844775842	0.005137498105843886	0.0014010203938928602	0.005187997877577014	0.010144350407038807	0.0005709148793740666	0.0005599338586892989
318.0	0.913346614842957	0.07862433857134482	0.0010718838181425331	0.0022706615917343605	0.0040361433756394595	9.604065753259166e-05	0.0005543171426492463
319.0	0.9125865780812191	0.029904696895707926	0.004422577408918267	0.0026877408536697214	0.049164346252556085	0.00012699254184317122	0.0011070679660856954
320.0	0.9822141836268785	0.0029289530094645903	0.004595288594957812	0.002765195318046539	0.007186777514494199	1.7074114760967232e-05	0.0002925278213971472
321.0	0.010198657162404671	0.9319813119732423	7.699967523232421e-05	0.0036473319493345513	0.04417317474374468	3.6104539023263184e-05	0.009886419957018262
322.0	0.03274344453669127	0.797473240514933	0.0002882497708633302	0.03355042903400502	0.115413953950808	7.510909851763691e-05	0.0204555730941818
326.0	0.9229381319798516	0.004986991361295154	0.05000501067836198	0.01629513627723162	0.004072641125307924	0.000678567109930622	0.0010235214680212358
328.0	0.9827686479199327	0.0021089663531989556	0.01178101949114572	0.0008537615524918814	0.0007577286908048474	0.0007256888225266099	0.0010041871698992344
337.0	0.11535994393138078	0.8641709473017598	0.00042397078794176253	0.006064833040411992	0.012465544011436121	2.9170138607880006e-05	0.00148559078846179
338.0	0.7405160378098755	0.19316909108986652	0.018084020071193745	0.028909908387779452	0.014524924895727915	8.36769794049208e-05	0.004712340766151849
339.0	0.9436405434705519	0.006160186006777037	0.03749821704527471	0.00850856965666661	0.003583043370635712	9.693017427433605e-05	0.0005125102758196255
343.0	0.03128243245426542	0.7139514630938469	0.0014883399163146155	0.004146549112955337	0.24200501694390716	0.00018036002335026043	0.006945838455360464
345.0	0.0017633532593194323	3.0870570420886766e-06	1.289132999539746e-05	2.3094789443666877e-06	0.9957894181179088	0.0015885824420195519	0.0008403583147703861
346.0	0.003456220843230934	0.90874800634893	2.4769114281877055e-05	0.0014856924378006567	0.05336591741420513	2.3172595905975932e-05	0.03289622124564564
347.0	0.005301327449118261	0.9410942877223967	4.794994391918784e-05	0.0034735124134135853	0.03766466464560185	3.1078217089817635e-05	0.012387179608460589
348.0	0.013264364575856984	0.8829220030362753	0.0001709850809329445	0.007214292604577595	0.06016674963048213	6.016552819435585e-05	0.03620143954368061
349.0	0.9436743605480462	0.03799514846905993	0.01503925546097208	0.0006779401044376262	0.0009427087590145175	6.667194266990016e-05	0.001603914715799746
351.0	0.006231965732993544	0.9832334543479544	5.659201745229995e-05	0.003572069379089083	0.003979643592925581	1.1495546044389816e-05	0.0029147793835405155
353.0	0.1005193130808107	0.8401850200434637	0.0014574596298265196	0.003742088747275261	0.04904998887042512	0.00010782813406689112	0.004938301494131758
354.0	0.814526418253805	0.04193668525398953	0.009174551245953785	0.05650680015027079	0.067380274592064	6.977710299550265e-05	0.010405493400921376
355.0	0.49979770986033	0.3775187237744866	0.0263488102693098	0.06521913207216824	0.025406489563511603	0.001271715949461887	0.004437418510731948
356.0	0.9371001605045103	0.05826261819192489	8.766109672217421e-05	0.001544441790282263	0.0010723824240812569	5.0482732916909186e-05	0.0018822532595621957
358.0	0.0018988905647488116	0.9972822584678677	3.990491002059709e-05	0.0006604391873450239	1.0873765040527828e-05	1.657405097072261e-05	9.105905400656041e-05
359.0	0.0012872741720762987	0.9979365903136195	9.657553069680523e-05	0.00021491673985772313	0.0002724667286777853	8.994007921681747e-06	0.0001831825071501632
360.0	0.0031931635572340286	0.9930634155473331	1.5189736807571046e-05	0.00034559214388677547	0.0006568073048284612	3.197226520698954e-05	0.0026938594447031487
361.0	0.03278380689058261	0.9237599841577979	0.0004877344876716396	0.020418095843267377	0.01583409422063273	3.092764680876574e-05	0.00668535675323899
362.0	0.006335575182130038	0.9739241494411908	0.00021411659179924113	0.01659852086026798	0.0009925602811461018	0.0002696024113628233	0.0016654752321032629
364.0	0.014468313275227268	0.9825977519550744	0.000614033252519737	0.0009695785530154863	0.00029764053295357407	2.0493607666492857e-05	0.0010321888235430494
365.0	0.044361701295640994	0.9415792033372011	0.00010841622040444627	0.008469452742262438	0.004054499314005272	8.982160830933584e-06	0.0014177449296550585
367.0	0.9837496560514728	0.004456573826274631	0.001985221787405143	0.0010845440281301005	0.008518205470278659	7.150867818821245e-05	0.0001342901582504389
372.0	0.929243446016535	0.00929638925099154	0.01192745565711382	0.03938928142773579	0.004762393259844776	0.002288341115111152	0.003092693272668093
374.0	0.8561362863140725	0.08083767321052353	0.009478966076430633	0.03913608963438678	0.004709637063821417	0.003684870345223476	0.006016477355541858
375.0	0.017963206109128303	0.3969418568612643	0.0825748615895107	0.48334991406634287	0.0077724796727878616	0.00024010636611172706	0.011157575334854149
377.0	0.15454816105217856	0.5005499173991643	0.013215179873050903	0.11937497332774609	0.1839059803339308	0.0005159037865967818	0.027889884227332542
378.0	0.9146698306656587	0.0026556241915523895	0.03478075403292821	0.03274093511468713	0.012678291308558095	0.0011058562736444174	0.0013687084129713105
381.0	0.24867172161048362	0.49345971655094506	0.10836023889426018	0.010904365349444676	0.13168006345636826	0.0009549354642038997	0.005968958674294198
386.0	0.010049271378641662	0.0001738758073628797	0.9516361467269094	0.003746618714891204	7.964206953171023e-05	0.00192815639286835	0.032386288909794954
387.0	0.8385139977147544	0.08080079812824234	0.00035670975475600826	0.0579263117843133	0.000909481444599759	0.0016349148588047514	0.019857786314529377
389.0	0.0006482774370814332	0.9957705812328826	1.2498338550089516e-06	0.0010422876039132675	0.0015265005874007496	9.471080910553256e-06	0.0010016322239562393
390.0	0.014985514326782842	0.9614564652004179	0.00014402538177197893	0.004289518549671055	0.009566860192531725	4.3898210486325105e-05	0.009513718138338186
391.0	0.33797203468264153	0.4281707236728817	0.0012483820916122693	0.016093740558417287	0.2123103010690175	0.0003579011122429942	0.0038469168131866423
392.0	0.9029617478112693	0.056254291642567504	6.939331294785046e-05	0.005226741894356826	0.013870383117774915	0.0048600314785821955	0.01675741074250147
396.0	0.9370049098596116	0.020014050599634604	0.0004260041081497964	0.016249548103440294	0.02240251796251903	0.0013545505154521607	0.0025484188511922428
398.0	0.5940788127366395	0.36690062508785853	0.0019197986946574174	0.002350359620642333	0.023700351941191546	0.000735073132354947	0.010314978786655694
399.0	0.3672590566088865	0.6024268187221824	0.0012427662789659662	0.016283532120233056	0.007600294968462776	5.683893362565832e-05	0.005130692367643644
400.0	0.029120395298040377	0.22316811386418886	0.0015220696098726643	0.00265121478003545	0.7401535377556201	7.15656985615099e-05	0.0033131029936810897
401.0	0.00752778732399545	0.9761497274319387	9.475152027959552e-05	0.002823687732897971	0.011993143990889075	1.8745459543832235e-05	0.0013921565404552796
403.0	0.20011356740134376	0.5984922888693008	0.003033004835665694	0.007443445085056944	0.158145150009752	0.0004571357792712318	0.03231540801960948
404.0	6.773990861456976e-05	0.9984575222663541	7.227739223109398e-05	0.0010091036690205342	0.0001569004125944296	5.041959444906491e-06	0.00023141439174023692
405.0	0.28836680259764474	0.2659531368160811	0.20495769385402113	0.10896041433792454	0.1196094168256601	0.0024712041824438134	0.009681331386224542
406.0	3.4971004343705653e-05	0.9998137771967888	3.102983161445186e-06	8.388643000981168e-05	4.44270476916992e-05	1.037492893345174e-06	1.8797845111527017e-05
410.0	0.025983374663096775	0.9371282271737802	2.9925414983644035e-05	0.010047654005993233	0.02024593861935336	0.00011659093761860374	0.006448289185174182
416.0	0.07520821925834084	0.77715742532952	0.00053478277430299	0.04241385232697287	0.02222872743340124	0.00019516389924695383	0.08226182897821492
417.0	0.003743090907050719	0.994773329787123	5.7080194638441014e-05	0.0007411293293421009	0.0003393141332656033	4.421994371551415e-06	0.00034163365420847124
420.0	0.0940529355153723	0.0009764960139522274	0.00030047252831782935	0.00013442791569211947	0.8972528648632592	3.921441002051512e-05	0.007243588753385688
421.0	0.8622189183316988	0.04725826480078605	0.03344788916721153	0.012353643333504133	0.043063853543269345	0.001203999200116759	0.0004534316234134446
423.0	0.4812690565699703	0.4545650705255046	0.006422890779583347	0.04411864685464108	0.006946662046377248	0.00036743440911583965	0.006310238814807711
426.0	0.7679743075173131	0.018030055004905066	0.002692534286414586	0.13194787940556146	0.077916887943157	8.720697456260987e-05	0.0013511288680861588
427.0	0.0019206558875826478	0.21903012553687748	1.6503667718090733e-05	0.004295600713427943	0.0007709007192592163	1.7674068584962234e-05	0.7739485394065496
428.0	2.8762662478586996e-05	0.9995127964223146	6.836941126705956e-05	0.00012411438391748608	0.00011791695274421367	4.839006541571071e-06	0.0001432011607364912
429.0	0.6753275516586791	0.016788998413989897	0.002792987730718336	0.16484718072541696	0.13243742348635337	0.0025947657429543284	0.005211092241887959
434.0	0.3000337240705261	0.37189806943130177	0.0010549602158175335	0.0036324604056323625	0.3045670668750052	0.001835045071194403	0.016978673930522575
436.0	0.5929972273526504	0.05687896455489497	0.0020791293882927385	0.31944895536781326	0.024131338439284795	0.00047440928110290914	0.00398997561596099
441.0	0.0027881315936819835	0.7766455527929919	6.868424544706112e-05	0.16807410575289927	0.03416579193505519	3.674664511789115e-05	0.018220987034806856
443.0	0.22913238259038726	0.7521262178011145	0.0001275322637615154	0.016515058051904778	0.00040655440265469864	5.242567769132378e-05	0.0016398292124859045
444.0	0.20112896058760477	0.6084337673144999	0.0004146113419217953	0.14755408299956127	0.03835487751127095	0.00019798987548223963	0.003915710369658923
445.0	0.10129578329361905	0.44013975809518896	0.013039697037078335	0.1725998779463085	0.2648443940317837	0.00010203701794639505	0.007978452578075187
446.0	0.00025798564665088113	0.9873891571864434	0.0009634953555445864	0.010003937614808259	0.0003024558470798729	6.536828618010916e-06	0.001076431520855078
447.0	0.11556006749928971	0.4756735830647155	0.002697250211652388	0.023817209049036316	0.36484790557601776	0.0003800772631263423	0.017023907336161846
448.0	0.7881396862565181	0.04450841206070596	0.0008383102332901299	0.0018859636446978848	0.1586586155612732	0.0008243820555247417	0.005144630187989766
449.0	0.7126336964773715	0.0001958121504063009	0.16205687844721461	0.008185931482368727	0.02722060767440144	0.08899824591149595	0.0007088278567416234
459.0	0.009085432403896703	0.9097872346987814	0.001114968170603628	0.04739652442273194	0.010332928767146754	4.543843603964475e-05	0.02223747310079968
464.0	0.0028848574514267907	0.0019125647972960361	0.00025769528266778404	0.9645596586553394	0.029346900835066685	5.856382580198962e-05	0.0009797591524016431
465.0	0.005394630573365046	0.9388042628937034	1.638180920114427e-05	0.002443933532723309	0.04652014998721469	5.9398416560077864e-05	0.006761242787232197
466.0	0.508240341237899	0.2828692047639225	0.0033188189906642055	0.041710622339731544	0.15288102334031517	0.000372346598518565	0.010607642728949084
467.0	0.09837429052220592	0.06858031595456439	0.7805139606105181	0.04619604543182798	0.0005984823823090365	5.194794073396175e-05	0.005684957157840489
468.0	0.2133857568394969	0.47648744424533035	0.003310287343778001	0.13845280322846226	0.16104306298809096	5.471448887311038e-05	0.007265930865968351
472.0	0.5695406724193468	0.2468945469710516	0.010869177781904531	0.12285763449529015	0.02023013005359231	0.0006775025630878919	0.02893033571572676
475.0	0.04478639613178488	0.9061429254584938	4.519374139938917e-06	0.004352591214225865	0.026942508128799683	1.8498758735968715e-05	0.017752560933819623
480.0	0.0497600700014868	0.8096005688307967	0.00042634524255027897	0.033882522513226584	0.08551311168393397	5.2306829836614555e-05	0.020765074898169245
482.0	0.0014773608646062042	0.9839213257859266	0.0002597888454267486	0.0016508961905450541	0.011338257163261064	5.248538958396663e-06	0.001347122611275979
485.0	0.012952933780658074	0.9729478097535378	0.0009012554535710618	0.00991790174981243	5.775550544384095e-05	2.214160874356974e-05	0.003200202148233565
486.0	0.45852907474386506	0.11302214743460755	0.009266092987007011	0.3962425143145021	0.007764389308129084	0.00019318405411479096	0.014982597157774561
489.0	0.044573523755284714	0.9298874245951204	0.0009234754964385839	0.004158084470156573	0.007913039528828105	0.00014711664868127913	0.012397335505490305
490.0	0.9933394432146246	0.0007681595509990478	0.0028200189031272857	0.0005230103681214996	0.0012537924907305494	0.0011873508651755618	0.00010822460722149769
491.0	0.9103027901464426	0.03026350481971453	0.00985175699735461	0.04131492033436266	0.005329881615816909	0.0012821464200009995	0.001654999666307551
492.0	0.9833903615981548	0.0029141587476824854	0.007538096472918451	0.0022884830436661115	0.0025788048553601083	0.0007264182783734146	0.0005636770038444281
495.0	0.0003941330653755817	0.9965461472292988	4.266356709692921e-05	0.0005342252342629275	0.0005907872493214915	5.920400499292583e-06	0.001886123254144882
497.0	6.36686067181519e-05	0.9813342954925717	2.1810178114667404e-05	0.017379969348081573	0.000605407007424092	6.164166260959865e-06	0.0005886852008286672
500.0	0.3141748314666928	0.2805770206190533	0.0009713531579983701	0.01320040073249309	0.2512662759323221	0.012311240622460806	0.1274988774689796
502.0	0.4992048545158046	0.3026488580601598	0.07069482793197038	0.11047276130654125	0.006875462173968047	0.0012789236764357268	0.008824312335120219
507.0	0.03226068198688743	0.6780736945943694	0.0023607637565295245	0.04498486530799116	0.231406820166262	3.75332435700022e-05	0.010875640944390258
510.0	0.0697431489243575	0.8198982285954084	0.009213438257397604	0.017259857530395495	0.07833746430606585	0.0012650551384931579	0.004282807247882073
513.0	0.000626489050583835	0.9641892478566758	0.0002361750342600169	0.0322296484167453	0.0016773633843146292	7.252427146185508e-05	0.0009685519859585824
514.0	0.0034667790941063543	0.9608423708086331	0.004068641925610117	0.008135572328724368	0.02050552790083121	4.057851566790791e-05	0.00294052942642693
515.0	0.0001746702842134196	0.9978235049186982	3.624568176948821e-05	1.1916678005648834e-05	0.001794866346248698	5.641970396853132e-07	0.0001582318940249044
517.0	0.002664411194876084	0.9675315410881508	0.0044260461827961735	0.015608855758058033	0.008534605073114827	0.00027005969874523123	0.0009644810042591284
518.0	0.9025054875406838	0.026029692971527817	0.00159880732123747	0.046629719023959286	0.015385415836486884	0.0003121786465854902	0.007538698659519542
521.0	0.30852293424961885	0.576868218714306	0.002348601715440526	0.017840325375120217	0.08576502021069432	0.00015846405116260213	0.008496435683657344
523.0	0.9566542318340736	0.0012305198492027724	0.001756846421539984	0.0002960919031952063	0.039858038418633515	8.534248889370019e-05	0.0001189290844612693
526.0	0.32939125263804603	0.4610449007153195	0.006007271205633699	0.18115564491034855	0.00637529386942011	0.0016550039561545476	0.014370632705077562
527.0	0.9044500947312939	0.02778852377052124	0.038500290161461184	0.011661745191961042	0.016085699363850983	9.860781580494492e-05	0.0014150389651068436
530.0	0.42622018455762545	0.30674921391936644	8.225627323998017e-05	0.14964159964060744	0.009142410050327204	7.265642666956486e-05	0.10809167913216396
531.0	0.0007161463478137532	0.9940772070439633	0.00013711944050774706	0.0009748989184932664	4.9700644634823943e-05	8.237604482008098e-06	0.004036690000105438
532.0	0.0004966465018020465	0.9945843223420737	0.0012965227607949663	0.0008360175612691128	0.0008434450144347331	1.3037843648139857e-05	0.001930007975977266
534.0	1.5262943723702e-06	5.7813946970143126e-05	8.462095903779847e-08	8.808149749560496e-05	1.02726663878768e-05	3.886563310433535e-09	0.9998422170872517
535.0	0.0017441406405407373	0.9969538759520268	0.00014789245115099932	0.00038942637939446957	0.00020826110546141575	2.2115099027826023e-05	0.000534288372397701
536.0	0.07654237796837245	0.776260316524637	3.9850409522846874e-05	0.01902864069614457	0.0989258105005773	0.00024785149964575	0.028955152401099974
537.0	0.0045097439481841	0.9861126257690778	1.4984778804605282e-06	8.586878853554335e-05	0.0010029894987914462	1.0210220998537816e-05	0.008277063296532142
538.0	0.0015141447089051672	0.9629764121880983	3.0479839423263535e-05	0.0004020549094487382	0.023759037222231272	7.593456066904344e-06	0.011310277675826362
539.0	0.00025058609608188254	0.9987814027740926	2.6662631539729244e-05	0.0002973948753819469	0.000467362474260694	2.8532735592415604e-06	0.00017373787508371066
542.0	0.014376807023410702	0.01227017644152837	0.016022006155150967	0.8716458740296245	0.08370644574417314	0.00018806241009741557	0.0017906281960151293
546.0	0.017385606343653555	0.9202162677220367	0.002272186347367186	0.04345655656103355	0.005182605601845435	0.00017548607778209577	0.011311291346281342
547.0	0.0009190248010834355	0.9967157621546375	4.157550927852746e-05	0.0010713464776481527	0.00046736149718242355	1.7059598329846864e-05	0.0007678699618401186
548.0	0.22841899012361408	0.4611286568855522	0.0001352909766703456	0.06603352570450613	0.01070959113708788	0.00015382421171855173	0.23342012096085082
549.0	0.005408519844358833	0.37912403559624275	0.00014362568277236887	0.4357369766838156	0.0092694558883159	1.772484675607423e-05	0.17029966145773845
550.0	3.175502674102224e-05	0.9986600058781011	7.948881264286697e-05	0.00035754135918100917	0.0001909678155380754	2.1987334697045662e-06	0.0006780423743260172
554.0	0.006776016364428852	0.8447846284430773	7.544238861287974e-05	0.12686075092788393	0.011542584878222363	8.493873615692135e-06	0.009952083124158594
555.0	0.001388265334513835	0.7800706812400074	0.000478290188336453	0.17971476398644767	0.019785695473601372	1.984393740561443e-05	0.01854245983968773
556.0	0.00034446615931332374	0.9852768503274868	9.189939382177503e-06	0.010642800598240063	0.0008132473653395756	1.4697589242148073e-05	0.002898748020995708
557.0	0.29612196348453856	0.5262111253116307	0.01649957425167665	0.06471278148198066	0.03339549013309302	0.0005339376297835006	0.06252512770729703
558.0	0.0056860150599143755	0.24021329689213677	9.894804609887412e-05	0.0029703045021811495	0.0008489591038965944	1.8921169654390302e-05	0.7501635552261179
559.0	0.21884977392151403	0.031567857823466626	0.0005382890676025084	0.03902850616843111	0.5971502715930902	0.0005596168273852378	0.11230568459851033
560.0	0.8203264169319013	0.05153998605141422	0.0008051143115023484	0.07060315269134115	0.03484354506817181	0.007600829673504993	0.014280955272163944
561.0	0.12386771185954647	0.8442119073251567	0.000475399357922423	0.00024569472317372855	0.009021345695990057	3.5646970654573845e-05	0.02214229406755615
563.0	0.2373194542396706	0.1539381846468437	0.017066342772196694	0.187240164372684	0.401822281909477	0.0002408727432936524	0.0023726993158342175
564.0	0.0054981707153563845	0.9253720500844985	0.01264365753042092	0.0194651487397915	0.031170614746736533	5.284969156514936e-05	0.005797508491631138
572.0	0.09807469611313041	0.8044284143858116	0.00021176428993011453	0.07867561362653218	0.014483962387558691	6.822904051848685e-05	0.004057320156518471
577.0	0.15127434368978912	0.0003228358711019202	1.1364762177694276e-05	0.0002293069874627061	0.8444778568986943	0.0008511395833759031	0.0028331522073984836
581.0	0.9533340447248484	0.01348168818234002	0.0015641750924781888	0.002555528536856705	0.02835275749560984	0.00039719475312250687	0.00031461121474445064
584.0	0.04343983063039679	0.9353088956026119	6.118031659313209e-05	0.006636984373103139	0.00918926204678479	2.7080373139468002e-05	0.005336766657370809
586.0	0.0040780752347819235	0.9717485902702586	6.673103846316685e-05	0.002086040368342894	0.02070084042669255	9.492356774321906e-06	0.0013102303046863193
588.0	0.014912536845829995	0.9440186924679678	3.5268422624029417e-06	0.004720653812571861	0.0031808272210032103	8.909189571808139e-06	0.03315485362079291
589.0	0.003919834095392357	0.9942095670252074	5.936649282851386e-07	0.0002915464250296303	0.0002694154269367995	9.68694127120291e-06	0.0012993564212340956
